      0/99     0.81G    0.1077   0.01785         0    0.1255        11       416  0.005095         1  0.007955  0.000885    0.1105   0.01195         0
      1/99      1.7G     0.108   0.01865         0    0.1266        10       416  0.005097         1  0.006755 0.0006755    0.1079   0.01205         0
      2/99      1.7G   0.09724   0.01796         0    0.1152         7       416  0.003399    0.6667  0.003776 0.0003776    0.1051   0.01216         0
      3/99      1.7G    0.1042   0.01892         0    0.1231        11       416    0.0034    0.6667   0.00359  0.000359    0.1021   0.01227         0
      4/99      1.7G    0.1002   0.02054         0    0.1207        11       416  0.003401    0.6667  0.003913 0.0004813   0.09894   0.01241         0
      5/99      1.7G   0.08777   0.01958         0    0.1073         9       416  0.001699    0.3333 0.0006832 6.832e-05   0.09675   0.01246         0
      6/99      1.7G   0.09853   0.01882         0    0.1173        13       416    0.0017    0.3333 0.0008208 8.208e-05   0.09453   0.01247         0
      7/99      1.7G   0.09695   0.02138         0    0.1183        11       416    0.0017    0.3333 0.0006846 6.846e-05   0.09307   0.01242         0
      8/99      1.7G   0.09302   0.02179         0    0.1148        12       416    0.0017    0.3333 0.0006846 6.846e-05   0.09127   0.01242         0
      9/99      1.7G   0.08724   0.02094         0    0.1082        11       416    0.0017    0.3333 0.0006846 6.846e-05   0.08901   0.01245         0
     10/99      1.7G    0.0953   0.01952         0    0.1148        11       416         0         0         0         0   0.08845   0.01238         0
     11/99      1.7G   0.09005   0.02275         0    0.1128        15       416         0         0         0         0   0.08697    0.0124         0
     12/99      1.7G   0.09107   0.02085         0    0.1119        13       416         0         0         0         0   0.08539   0.01237         0
     13/99      1.7G   0.08473   0.02121         0    0.1059         9       416         0         0         0         0    0.0839   0.01236         0
     14/99      1.7G   0.08733   0.02565         0     0.113        14       416         0         0         0         0   0.08309   0.01235         0
     15/99      1.7G   0.08758   0.02287         0    0.1105        13       416  0.001111    0.3333 0.0003883 7.766e-05   0.08258   0.01231         0
     16/99      1.7G   0.08529   0.02165         0    0.1069         7       416  0.001111    0.3333 0.0003914 7.829e-05   0.08188   0.01232         0
     17/99      1.7G   0.08553   0.02234         0    0.1079         8       416  0.001111    0.3333 0.0003928 7.856e-05   0.08154   0.01229         0
     18/99      1.7G   0.08203   0.02347         0    0.1055        13       416  0.002222    0.6667   0.00156 0.0003119   0.08155   0.01226         0
     19/99      1.7G   0.09096   0.02086         0    0.1118         9       416  0.001111    0.3333  0.000506 0.0001012   0.08144   0.01221         0
     20/99      1.7G   0.08849   0.02133         0    0.1098        10       416  0.002222    0.6667  0.001744 0.0003489   0.08081    0.0122         0
     21/99      1.7G   0.08344   0.02356         0     0.107         9       416  0.001111    0.3333 0.0004645  9.29e-05    0.0809   0.01217         0
     22/99      1.7G   0.08214   0.02135         0    0.1035         9       416  0.001111    0.3333  0.000528  5.28e-05   0.08119    0.0121         0
     23/99      1.7G   0.08515   0.02332         0    0.1085        16       416  0.002222    0.6667  0.001518 0.0001974   0.08092   0.01206         0
     24/99      1.7G   0.08487   0.02117         0     0.106        10       416         0         0         0         0   0.08108   0.01201         0
     25/99      1.7G   0.08296   0.02452         0    0.1075        12       416  0.001284    0.3333 0.0004626 4.626e-05   0.08005   0.01208         0
     26/99      1.7G   0.08391   0.02395         0    0.1079        15       416  0.001265    0.3333 0.0005538 5.538e-05   0.07928    0.0121         0
     27/99      1.7G   0.08744   0.02205         0    0.1095        12       416  0.001509    0.3333 0.0005686 5.686e-05   0.07947   0.01203         0
     28/99      1.7G    0.0777   0.02099         0   0.09869         8       416  0.001111    0.3333 0.0006051 6.051e-05   0.08072   0.01189         0
     29/99      1.7G   0.08606   0.02114         0    0.1072        11       416  0.001129    0.3333  0.000615  6.15e-05   0.08085   0.01182         0
     30/99      1.7G   0.07451   0.02084         0   0.09535         8       416   0.00118    0.3333  0.000424  4.24e-05   0.08148   0.01168         0
     31/99      1.7G   0.08722   0.02071         0    0.1079        10       416  0.001214    0.3333 0.0005371 5.371e-05    0.0817   0.01162         0
     32/99      1.7G   0.08333   0.02141         0    0.1047        13       416  0.001259    0.3333  0.000686  6.86e-05   0.08137   0.01158         0
     33/99      1.7G   0.08322   0.02058         0    0.1038        10       416  0.001209    0.3333 0.0006805 6.805e-05   0.08086   0.01156         0
     34/99      1.7G   0.07959    0.0228         0    0.1024        16       416  0.001191    0.3333 0.0006888 6.888e-05   0.08014   0.01157         0
     35/99      1.7G   0.08791   0.02291         0    0.1108        18       416  0.002355    0.6667    0.0018   0.00018   0.07969   0.01157         0
     36/99      1.7G   0.08246   0.02381         0    0.1063        13       416  0.001142    0.3333 0.0006555 6.555e-05   0.07921   0.01159         0
     37/99      1.7G   0.08645   0.02394         0    0.1104        11       416  0.001111    0.3333 0.0006394 6.394e-05   0.07885   0.01163         0
     38/99      1.7G   0.07818   0.02147         0   0.09966         9       416  0.001111    0.3333 0.0006567 6.567e-05   0.07903   0.01157         0
     39/99      1.7G   0.08182   0.02422         0     0.106        13       416  0.001111    0.3333 0.0006697 6.697e-05   0.07906   0.01154         0
     40/99      1.7G   0.07866   0.02063         0    0.0993         8       416  0.001111    0.3333 0.0006275 6.275e-05   0.07847   0.01158         0
     41/99      1.7G   0.08343   0.02575         0    0.1092        15       416  0.001111    0.3333 0.0006504 6.504e-05   0.07842   0.01159         0
     42/99      1.7G   0.07769   0.02352         0    0.1012        10       416    0.0023    0.6667  0.001569 0.0001569   0.07824   0.01161         0
     43/99      1.7G   0.08216   0.02295         0    0.1051        11       416  0.001125    0.3333 0.0006455 6.455e-05   0.07815    0.0116         0
     44/99      1.7G   0.08167   0.02227         0    0.1039        13       416  0.001122    0.3333 0.0005894 5.894e-05   0.07793   0.01158         0
     45/99      1.7G   0.08586   0.02067         0    0.1065        10       416  0.001145    0.3333 0.0005833 5.833e-05   0.07796   0.01154         0
     46/99      1.7G   0.07616   0.01971         0   0.09587         6       416  0.001125    0.3333 0.0006382 0.0001276   0.07791   0.01151         0
     47/99      1.7G   0.08239   0.02239         0    0.1048        15       416  0.001988    0.3333 0.0006697 0.0001339   0.07796   0.01146         0
     48/99      1.7G   0.08133    0.0211         0    0.1024        12       416  0.001142    0.3333 0.0006467  0.000194   0.07767   0.01149         0
     49/99      1.7G   0.08649   0.01941         0    0.1059         9       416  0.002288    0.6667  0.001591 0.0002832   0.07768   0.01149         0
     50/99      1.7G   0.07932   0.02321         0    0.1025        14       416   0.00114    0.3333 0.0006161 0.0001848   0.07806   0.01142         0
     51/99      1.7G   0.07901   0.01751         0   0.09652         7       416  0.001111    0.3333 0.0006619 6.619e-05   0.07839   0.01137         0
     52/99      1.7G   0.08427   0.02608         0    0.1103        15       416  0.001111    0.3333 0.0006724 6.724e-05   0.07883   0.01133         0
     53/99      1.7G   0.08024   0.02245         0    0.1027        11       416  0.001111    0.3333 0.0007241 7.241e-05   0.07932   0.01129         0
     54/99      1.7G   0.08131   0.01898         0    0.1003         5       416  0.001111    0.3333 0.0007828 7.828e-05   0.07987   0.01123         0
     55/99      1.7G   0.08346   0.02097         0    0.1044         6       416  0.001111    0.3333 0.0006051 6.051e-05   0.08003   0.01121         0
     56/99      1.7G    0.0783   0.02092         0   0.09922         6       416  0.002365    0.3122 0.0008497 8.497e-05   0.08007   0.01118         0
     57/99      1.7G   0.08151   0.02302         0    0.1045        12       416  0.002595    0.3106 0.0009369 9.369e-05   0.07987   0.01118         0
     58/99      1.7G   0.08003   0.02256         0    0.1026         9       416  0.002921    0.3096  0.001057 0.0001057   0.07966   0.01119         0
     59/99      1.7G   0.08292   0.02261         0    0.1055        15       416  0.002956    0.3084  0.001074 0.0001074   0.07942   0.01121         0
     60/99      1.7G   0.08338   0.01928         0    0.1027         6       416  0.001118    0.3333 0.0009919 9.919e-05   0.07929    0.0112         0
     61/99      1.7G   0.07995   0.02563         0    0.1056        13       416  0.001116    0.3333 0.0008947 8.947e-05   0.07929    0.0112         0
     62/99      1.7G   0.08369   0.02154         0    0.1052        13       416  0.001111    0.3333 0.0008309 8.309e-05   0.07961   0.01117         0
     63/99      1.7G    0.0845   0.02224         0    0.1067        11       416  0.001116    0.3333 0.0008051 8.051e-05    0.0798   0.01114         0
     64/99      1.7G   0.08128   0.02259         0    0.1039        11       416   0.00115    0.3333 0.0008051 8.051e-05   0.07986   0.01111         0
     65/99      1.7G   0.08112   0.02282         0    0.1039        13       416  0.001168    0.3333 0.0008071 8.071e-05   0.07984   0.01109         0
     66/99      1.7G   0.08412   0.02426         0    0.1084         9       416  0.001187    0.3333 0.0008032 8.032e-05   0.07983    0.0111         0
     67/99      1.7G   0.08294   0.01892         0    0.1019         8       416  0.001229    0.3333 0.0008168 8.168e-05   0.08006   0.01109         0
     68/99      1.7G   0.08322   0.02037         0    0.1036         9       416  0.001322    0.3333 0.0008188 8.188e-05   0.07992   0.01109         0
     69/99      1.7G   0.08052   0.02034         0    0.1009        14       416  0.002222    0.6667  0.001558 0.0001558   0.08022   0.01105         0
     70/99      1.7G   0.08096   0.02073         0    0.1017        12       416  0.002222    0.6667  0.001597 0.0001597   0.08054   0.01102         0
     71/99      1.7G   0.07861   0.02308         0    0.1017        10       416  0.001386    0.3333 0.0008627 8.627e-05   0.08047     0.011         0
     72/99      1.7G   0.08188   0.02507         0    0.1069        13       416  0.001361    0.3333 0.0008518 8.518e-05    0.0804   0.01099         0
     73/99      1.7G   0.08271   0.02366         0    0.1064        13       416  0.001374    0.3333  0.000837  8.37e-05   0.08035   0.01098         0
     74/99      1.7G   0.07855   0.02275         0    0.1013        11       416  0.001377    0.3333 0.0008518 8.518e-05   0.08013   0.01098         0
     75/99      1.7G   0.08167   0.02105         0    0.1027        12       416  0.001111    0.3333 0.0003879 3.879e-05   0.07978   0.01102         0
     76/99      1.7G   0.08162   0.02058         0    0.1022         7       416  0.003654    0.3333  0.002621 0.0002621   0.07916    0.0111         0
     77/99      1.7G   0.07685   0.01918         0   0.09603         5       416         0         0         0         0   0.07915   0.01114         0
     78/99      1.7G   0.07927    0.0218         0    0.1011        10       416  0.004693    0.6667  0.003804 0.0003804   0.07959   0.01113         0
     79/99      1.7G   0.08325   0.01971         0     0.103        16       416  0.001644    0.3333 0.0005593 0.0001678    0.0798   0.01114         0
     80/99      1.7G   0.07944   0.02296         0    0.1024        12       416  0.001111    0.3333  0.000378  3.78e-05   0.08129   0.01094         0
     81/99      1.7G   0.07692   0.01673         0   0.09365         6       416   0.00347    0.6667  0.003017 0.0003017   0.08119   0.01091         0
     82/99      1.7G   0.08005   0.02511         0    0.1052        16       416  0.003388    0.6667  0.002938 0.0002938   0.08067   0.01094         0
     83/99      1.7G   0.08574     0.024         0    0.1097        13       416  0.004121    0.6667   0.00278 0.0004276   0.08062   0.01091         0
     84/99      1.7G   0.08551   0.01878         0    0.1043         7       416  0.003731    0.6667  0.002529 0.0005741   0.07917   0.01108         0
     85/99      1.7G   0.07867   0.02325         0    0.1019        16       416  0.003571    0.6667  0.002451 0.0002451   0.07876    0.0111         0
     86/99      1.7G   0.08137   0.02603         0    0.1074        13       416  0.002717    0.3333  0.000919 0.0001838   0.07838   0.01107         0
     87/99      1.7G   0.07995   0.02106         0     0.101         8       416  0.002665    0.3333 0.0009116 9.116e-05   0.07785   0.01116         0
     88/99      1.7G   0.07935   0.01977         0   0.09912         9       416  0.005782    0.3333  0.004681 0.0004681   0.07724   0.01122         0
     89/99      1.7G   0.07534   0.02067         0   0.09601        10       416  0.003075    0.6667  0.002553 0.0003196   0.07648   0.01127         0
     90/99      1.7G   0.07707   0.02312         0    0.1002         8       416  0.002983    0.6667  0.002455  0.000372   0.07639   0.01121         0
     91/99      1.7G   0.07792   0.02253         0    0.1004        15       416  0.002827    0.6667  0.002429 0.0003652   0.07536    0.0113         0
     92/99      1.7G   0.07801   0.01967         0   0.09767         9       416  0.003767    0.6667  0.002524 0.0005684   0.07627   0.01119         0
     93/99      1.7G   0.08376   0.02332         0    0.1071        17       416  0.003972    0.6667  0.002713 0.0006792    0.0765   0.01122         0
     94/99      1.7G   0.08351   0.02017         0    0.1037        10       416  0.003042    0.6667  0.002524  0.000598    0.0774   0.01105         0
     95/99      1.7G   0.08007   0.02195         0     0.102        10       416   0.00221    0.3333 0.0007774 0.0001555   0.07701   0.01104         0
     96/99      1.7G   0.07963   0.02236         0     0.102        10       416  0.002931    0.6667  0.002328   0.00035   0.07867   0.01075         0
     97/99      1.7G   0.08157   0.01944         0     0.101         8       416  0.003499    0.6667  0.002416 0.0003054   0.07823   0.01092         0
     98/99      1.7G   0.07867   0.02396         0    0.1026        13       416  0.003066    0.6667  0.002058 0.0004116   0.07851   0.01097         0
     99/99      1.7G   0.07539   0.02007         0   0.09546         6       416  0.004008    0.3333  0.001731 0.0001731   0.07636   0.01126         0
